{
 "cells": [
  {
   "cell_type": "markdown",
   "metadata": {
    "collapsed": false
   },
   "source": [
    "# CW-08 Learn Julia Tutorial Exercise\n",
    "## Lance Clifner, Eric Freda\n",
    "CS-510\n",
    "<br>October 18, 2016"
   ]
  },
  {
   "cell_type": "markdown",
   "metadata": {},
   "source": [
    "## Julia Syntax\n",
    "1. What is the julia syntax for the following coding elements?\n",
    " * Comments\n",
    " * Variable Declarations\n",
    " * Printing Output"
   ]
  },
  {
   "cell_type": "markdown",
   "metadata": {},
   "source": [
    "### Comments in Julia"
   ]
  },
  {
   "cell_type": "code",
   "execution_count": 2,
   "metadata": {
    "collapsed": true
   },
   "outputs": [],
   "source": [
    "#This is an example of an inline comment in Julia (identical to Python)\n",
    "\n",
    "#=\n",
    "This is an example of multiline comments in Julia\n",
    "    #=\n",
    "    These can be nested in case you want to comment out code that has multiline comments inside\n",
    "    =#\n",
    "Unfortunately, jupyter doesn't seem to understand so it doesn't look like a comment.\n",
    "=#"
   ]
  },
  {
   "cell_type": "markdown",
   "metadata": {},
   "source": [
    "### Variable Declarations in Julia\n",
    "\n",
    "Variables can be declared in much the same way they are in Python, however arrays are built in and use the syntax that Python uses for lists."
   ]
  },
  {
   "cell_type": "code",
   "execution_count": 18,
   "metadata": {
    "collapsed": false,
    "scrolled": true
   },
   "outputs": [
    {
     "data": {
      "text/plain": [
       "10x10x10 Array{Float64,3}:\n",
       "[:, :, 1] =\n",
       " -1.0       -0.777778   -0.555556   …   0.555556    0.777778    1.0     \n",
       " -0.777778  -0.604938   -0.432099       0.432099    0.604938    0.777778\n",
       " -0.555556  -0.432099   -0.308642       0.308642    0.432099    0.555556\n",
       " -0.333333  -0.259259   -0.185185       0.185185    0.259259    0.333333\n",
       " -0.111111  -0.0864198  -0.0617284      0.0617284   0.0864198   0.111111\n",
       "  0.111111   0.0864198   0.0617284  …  -0.0617284  -0.0864198  -0.111111\n",
       "  0.333333   0.259259    0.185185      -0.185185   -0.259259   -0.333333\n",
       "  0.555556   0.432099    0.308642      -0.308642   -0.432099   -0.555556\n",
       "  0.777778   0.604938    0.432099      -0.432099   -0.604938   -0.777778\n",
       "  1.0        0.777778    0.555556      -0.555556   -0.777778   -1.0     \n",
       "\n",
       "[:, :, 2] =\n",
       " -0.777778   -0.604938   -0.432099  …   0.432099   0.604938    0.777778 \n",
       " -0.604938   -0.470508   -0.336077      0.336077   0.470508    0.604938 \n",
       " -0.432099   -0.336077   -0.240055      0.240055   0.336077    0.432099 \n",
       " -0.259259   -0.201646   -0.144033      0.144033   0.201646    0.259259 \n",
       " -0.0864198  -0.0672154  -0.048011      0.048011   0.0672154   0.0864198\n",
       "  0.0864198   0.0672154   0.048011  …  -0.048011  -0.0672154  -0.0864198\n",
       "  0.259259    0.201646    0.144033     -0.144033  -0.201646   -0.259259 \n",
       "  0.432099    0.336077    0.240055     -0.240055  -0.336077   -0.432099 \n",
       "  0.604938    0.470508    0.336077     -0.336077  -0.470508   -0.604938 \n",
       "  0.777778    0.604938    0.432099     -0.432099  -0.604938   -0.777778 \n",
       "\n",
       "[:, :, 3] =\n",
       " -0.555556   -0.432099  -0.308642   …   0.308642    0.432099   0.555556 \n",
       " -0.432099   -0.336077  -0.240055       0.240055    0.336077   0.432099 \n",
       " -0.308642   -0.240055  -0.171468       0.171468    0.240055   0.308642 \n",
       " -0.185185   -0.144033  -0.102881       0.102881    0.144033   0.185185 \n",
       " -0.0617284  -0.048011  -0.0342936      0.0342936   0.048011   0.0617284\n",
       "  0.0617284   0.048011   0.0342936  …  -0.0342936  -0.048011  -0.0617284\n",
       "  0.185185    0.144033   0.102881      -0.102881   -0.144033  -0.185185 \n",
       "  0.308642    0.240055   0.171468      -0.171468   -0.240055  -0.308642 \n",
       "  0.432099    0.336077   0.240055      -0.240055   -0.336077  -0.432099 \n",
       "  0.555556    0.432099   0.308642      -0.308642   -0.432099  -0.555556 \n",
       "\n",
       "[:, :, 4] =\n",
       " -0.333333  -0.259259   -0.185185   …   0.185185    0.259259    0.333333\n",
       " -0.259259  -0.201646   -0.144033       0.144033    0.201646    0.259259\n",
       " -0.185185  -0.144033   -0.102881       0.102881    0.144033    0.185185\n",
       " -0.111111  -0.0864198  -0.0617284      0.0617284   0.0864198   0.111111\n",
       " -0.037037  -0.0288066  -0.0205761      0.0205761   0.0288066   0.037037\n",
       "  0.037037   0.0288066   0.0205761  …  -0.0205761  -0.0288066  -0.037037\n",
       "  0.111111   0.0864198   0.0617284     -0.0617284  -0.0864198  -0.111111\n",
       "  0.185185   0.144033    0.102881      -0.102881   -0.144033   -0.185185\n",
       "  0.259259   0.201646    0.144033      -0.144033   -0.201646   -0.259259\n",
       "  0.333333   0.259259    0.185185      -0.185185   -0.259259   -0.333333\n",
       "\n",
       "[:, :, 5] =\n",
       " -0.111111   -0.0864198   -0.0617284   …   0.0864198    0.111111 \n",
       " -0.0864198  -0.0672154   -0.048011        0.0672154    0.0864198\n",
       " -0.0617284  -0.048011    -0.0342936       0.048011     0.0617284\n",
       " -0.037037   -0.0288066   -0.0205761       0.0288066    0.037037 \n",
       " -0.0123457  -0.00960219  -0.00685871      0.00960219   0.0123457\n",
       "  0.0123457   0.00960219   0.00685871  …  -0.00960219  -0.0123457\n",
       "  0.037037    0.0288066    0.0205761      -0.0288066   -0.037037 \n",
       "  0.0617284   0.048011     0.0342936      -0.048011    -0.0617284\n",
       "  0.0864198   0.0672154    0.048011       -0.0672154   -0.0864198\n",
       "  0.111111    0.0864198    0.0617284      -0.0864198   -0.111111 \n",
       "\n",
       "[:, :, 6] =\n",
       "  0.111111    0.0864198    0.0617284   …  -0.0864198   -0.111111 \n",
       "  0.0864198   0.0672154    0.048011       -0.0672154   -0.0864198\n",
       "  0.0617284   0.048011     0.0342936      -0.048011    -0.0617284\n",
       "  0.037037    0.0288066    0.0205761      -0.0288066   -0.037037 \n",
       "  0.0123457   0.00960219   0.00685871     -0.00960219  -0.0123457\n",
       " -0.0123457  -0.00960219  -0.00685871  …   0.00960219   0.0123457\n",
       " -0.037037   -0.0288066   -0.0205761       0.0288066    0.037037 \n",
       " -0.0617284  -0.048011    -0.0342936       0.048011     0.0617284\n",
       " -0.0864198  -0.0672154   -0.048011        0.0672154    0.0864198\n",
       " -0.111111   -0.0864198   -0.0617284       0.0864198    0.111111 \n",
       "\n",
       "[:, :, 7] =\n",
       "  0.333333   0.259259    0.185185   …  -0.185185   -0.259259   -0.333333\n",
       "  0.259259   0.201646    0.144033      -0.144033   -0.201646   -0.259259\n",
       "  0.185185   0.144033    0.102881      -0.102881   -0.144033   -0.185185\n",
       "  0.111111   0.0864198   0.0617284     -0.0617284  -0.0864198  -0.111111\n",
       "  0.037037   0.0288066   0.0205761     -0.0205761  -0.0288066  -0.037037\n",
       " -0.037037  -0.0288066  -0.0205761  …   0.0205761   0.0288066   0.037037\n",
       " -0.111111  -0.0864198  -0.0617284      0.0617284   0.0864198   0.111111\n",
       " -0.185185  -0.144033   -0.102881       0.102881    0.144033    0.185185\n",
       " -0.259259  -0.201646   -0.144033       0.144033    0.201646    0.259259\n",
       " -0.333333  -0.259259   -0.185185       0.185185    0.259259    0.333333\n",
       "\n",
       "[:, :, 8] =\n",
       "  0.555556    0.432099   0.308642   …  -0.308642   -0.432099  -0.555556 \n",
       "  0.432099    0.336077   0.240055      -0.240055   -0.336077  -0.432099 \n",
       "  0.308642    0.240055   0.171468      -0.171468   -0.240055  -0.308642 \n",
       "  0.185185    0.144033   0.102881      -0.102881   -0.144033  -0.185185 \n",
       "  0.0617284   0.048011   0.0342936     -0.0342936  -0.048011  -0.0617284\n",
       " -0.0617284  -0.048011  -0.0342936  …   0.0342936   0.048011   0.0617284\n",
       " -0.185185   -0.144033  -0.102881       0.102881    0.144033   0.185185 \n",
       " -0.308642   -0.240055  -0.171468       0.171468    0.240055   0.308642 \n",
       " -0.432099   -0.336077  -0.240055       0.240055    0.336077   0.432099 \n",
       " -0.555556   -0.432099  -0.308642       0.308642    0.432099   0.555556 \n",
       "\n",
       "[:, :, 9] =\n",
       "  0.777778    0.604938    0.432099  …  -0.432099  -0.604938   -0.777778 \n",
       "  0.604938    0.470508    0.336077     -0.336077  -0.470508   -0.604938 \n",
       "  0.432099    0.336077    0.240055     -0.240055  -0.336077   -0.432099 \n",
       "  0.259259    0.201646    0.144033     -0.144033  -0.201646   -0.259259 \n",
       "  0.0864198   0.0672154   0.048011     -0.048011  -0.0672154  -0.0864198\n",
       " -0.0864198  -0.0672154  -0.048011  …   0.048011   0.0672154   0.0864198\n",
       " -0.259259   -0.201646   -0.144033      0.144033   0.201646    0.259259 \n",
       " -0.432099   -0.336077   -0.240055      0.240055   0.336077    0.432099 \n",
       " -0.604938   -0.470508   -0.336077      0.336077   0.470508    0.604938 \n",
       " -0.777778   -0.604938   -0.432099      0.432099   0.604938    0.777778 \n",
       "\n",
       "[:, :, 10] =\n",
       "  1.0        0.777778    0.555556   …  -0.555556   -0.777778   -1.0     \n",
       "  0.777778   0.604938    0.432099      -0.432099   -0.604938   -0.777778\n",
       "  0.555556   0.432099    0.308642      -0.308642   -0.432099   -0.555556\n",
       "  0.333333   0.259259    0.185185      -0.185185   -0.259259   -0.333333\n",
       "  0.111111   0.0864198   0.0617284     -0.0617284  -0.0864198  -0.111111\n",
       " -0.111111  -0.0864198  -0.0617284  …   0.0617284   0.0864198   0.111111\n",
       " -0.333333  -0.259259   -0.185185       0.185185    0.259259    0.333333\n",
       " -0.555556  -0.432099   -0.308642       0.308642    0.432099    0.555556\n",
       " -0.777778  -0.604938   -0.432099       0.432099    0.604938    0.777778\n",
       " -1.0       -0.777778   -0.555556       0.555556    0.777778    1.0     "
      ]
     },
     "execution_count": 18,
     "metadata": {},
     "output_type": "execute_result"
    }
   ],
   "source": [
    "a, b, c = 1 ,2.0 ,3 #tuples work and can have mixed type\n",
    "someString = \"This is a string\"\n",
    "someChar = 'c' #a single char\n",
    "variables_can_have_letters_digits_underscores_and_even_exclamation_points! = 42\n",
    "π = 3.14159 #you can even use unicode characters\n",
    "array1D = [1, 2, 3, 4] #creating an array. You can use a space, comma, or semicolon as delimiter\n",
    "array2D = [1 2 3; 4 5 6; 7 8 9] #2D arrays can be declared like this, similar to MATLAB\n",
    "#Arrays can be created using comprehensions\n",
    "arrayComp = [x*y*z for x=linspace(-1,1,10), y=linspace(-1,1,10), z=linspace(-1,1,10)]"
   ]
  },
  {
   "cell_type": "markdown",
   "metadata": {},
   "source": [
    "### Control Structures\n",
    "The basic flow control structures available in julia are:\n",
    "* `if-elseif-else-end`  if/else conditionals\n",
    "* `for-end` for loops\n",
    "* `while-end` while loops\n",
    "* `break` loop exit\n",
    "* `continue` iteration exit\n",
    "\n",
    "### Similarities and differences between python and julia\n",
    "Python requires correct indentation and uses indentation to denote the end of a block.  julia does not need indentation and blocks are delimited with `end` statements.\n",
    "julia incorporates the features of numpy and pandas directly in the base code.\n",
    "julia can make direct calls to python functions and libraries/modules/packages.\n",
    "julia is designed with an eye toward numerical/algorithmic calculations and for speed.  python was designed for rapid application development and scripting.\n",
    "julia is more type aware than python which can have variables change type."
   ]
  },
  {
   "cell_type": "markdown",
   "metadata": {},
   "source": [
    "### Printing output\n",
    "\n",
    "Printing to the output stream is very similar to python3 except the function is called println()"
   ]
  },
  {
   "cell_type": "code",
   "execution_count": 19,
   "metadata": {
    "collapsed": false
   },
   "outputs": [
    {
     "name": "stdout",
     "output_type": "stream",
     "text": [
      "Hello world.\n"
     ]
    }
   ],
   "source": [
    "println(\"Hello world.\")"
   ]
  },
  {
   "cell_type": "markdown",
   "metadata": {},
   "source": [
    "### Generating Fibonacci Numbers in Julia\n",
    "\n",
    "This function fib(n) generates an array of the first n Fibonacci numbers"
   ]
  },
  {
   "cell_type": "code",
   "execution_count": 39,
   "metadata": {
    "collapsed": false
   },
   "outputs": [
    {
     "name": "stdout",
     "output_type": "stream",
     "text": [
      "[1,1,2,3,5,8,13,21,34,55,89,144,233,377,610,987,1597,2584,4181,6765,10946,17711,28657,46368,75025,121393,196418,317811,514229,832040,1346269,2178309,3524578,5702887,9227465,14930352,24157817,39088169,63245986,102334155,165580141,267914296,433494437,701408733,1134903170,1836311903,2971215073,4807526976,7778742049,12586269025,20365011074,32951280099,53316291173,86267571272,139583862445,225851433717,365435296162,591286729879,956722026041,1548008755920,2504730781961,4052739537881,6557470319842,10610209857723,17167680177565,27777890035288,44945570212853,72723460248141,117669030460994,190392490709135,308061521170129,498454011879264,806515533049393,1304969544928657,2111485077978050,3416454622906707,5527939700884757,8944394323791464,14472334024676221,23416728348467685,37889062373143906,61305790721611591,99194853094755497,160500643816367088,259695496911122585,420196140727489673,679891637638612258,1100087778366101931,1779979416004714189,2880067194370816120,4660046610375530309,7540113804746346429,-6246583658587674878,1293530146158671551,-4953053512429003327,-3659523366270331776,-8612576878699335103,6174643828739884737,-2437933049959450366,3736710778780434371]\n"
     ]
    }
   ],
   "source": [
    "function fib(n)\n",
    "    values = zeros(Int, n)\n",
    "    curr = 1\n",
    "    prev = 0\n",
    "    for i = 1:n\n",
    "        values[i] = curr\n",
    "        curr, prev = (curr+prev), curr\n",
    "    end\n",
    "    return values\n",
    "end\n",
    "println(fib(100))"
   ]
  },
  {
   "cell_type": "markdown",
   "metadata": {},
   "source": [
    "This ended up being too large, leading to overflow and resulting wrap-around behavior."
   ]
  },
  {
   "cell_type": "code",
   "execution_count": null,
   "metadata": {
    "collapsed": true
   },
   "outputs": [],
   "source": []
  }
 ],
 "metadata": {
  "kernelspec": {
   "display_name": "Julia",
   "language": "julia",
   "name": "julia"
  },
  "language_info": {
   "file_extension": ".jl",
   "mimetype": "application/julia",
   "name": "julia",
   "version": "0.4.6"
  }
 },
 "nbformat": 4,
 "nbformat_minor": 0
}
